# oST version 5.0 parameters


[image]

width
640

height
480

[narrow_stereo]

camera matrix
609.351225 0.000000 323.961039
0.000000 611.122246 241.613623
0.000000 0.000000 1.000000

distortion
0.119211 -0.281377 -0.002453 0.001087 0.000000

rectification
1.000000 0.000000 0.000000
0.000000 1.000000 0.000000
0.000000 0.000000 1.000000

projection
615.555908 0.000000 324.088526 0.000000
0.000000 617.894531 240.341139 0.000000
0.000000 0.000000 1.000000 0.000000
